1   EXAMPLE 1 - OPTIMAL TRANSIENT REGULATOR, RUN WITH VAX/ORACLS AT GSFC          ORACLS  PROGRAM



 PROGRAM TO SOLVE THE TIME-INVARIANT FINITE-DURATION CONTINUOUS OPTIMAL
 REGULATOR PROBLEM WITH NOISE-FREE MEASUREMENTS
0      A    MATRIX       4 ROWS       4 COLUMNS
  -2.6000000D+00   2.5000000D-01  -3.8000000D+01   0.0000000D+00
  -7.5000000D-02  -2.7000000D-01   4.4000000D+00   0.0000000D+00
   7.8000000D-02  -9.9000000D-01  -2.3000000D-01   5.2000000D-02
   1.0000000D+00   7.8000000D-02   0.0000000D+00   0.0000000D+00
0      B    MATRIX       4 ROWS       2 COLUMNS
   1.7000000D+01   7.0000000D+00
   8.2000000D-01  -3.2000000D+00
   0.0000000D+00   4.6000000D-02
   0.0000000D+00   0.0000000D+00
0      Q    MATRIX       4 ROWS       4 COLUMNS
   1.0000000D+00   0.0000000D+00   0.0000000D+00   0.0000000D+00
   0.0000000D+00   1.0000000D+00   0.0000000D+00   0.0000000D+00
   0.0000000D+00   0.0000000D+00   1.0000000D+00   0.0000000D+00
   0.0000000D+00   0.0000000D+00   0.0000000D+00   1.0000000D+00

 H IS AN IDENTITY MATRIX

0      R    MATRIX       2 ROWS       2 COLUMNS
   1.0000000D+02   0.0000000D+00
   0.0000000D+00   1.0000000D+02


 WEIGHTING ON TERMINAL VALUE OF STATE VECTOR

0      P    MATRIX       4 ROWS       4 COLUMNS
   5.0000000D-01   0.0000000D+00   0.0000000D+00   0.0000000D+00
   0.0000000D+00   5.0000000D-01   0.0000000D+00   0.0000000D+00
   0.0000000D+00   0.0000000D+00   5.0000000D-01   0.0000000D+00
   0.0000000D+00   0.0000000D+00   0.0000000D+00   5.0000000D-01
0      Z    MATRIX       8 ROWS       8 COLUMNS

 		COLS    1 TO    7
  -2.6000000D+00   2.5000000D-01  -3.8000000D+01   0.0000000D+00  -3.3800000D+00   8.4600000D-02  -3.2200000D-03
  -7.5000000D-02  -2.7000000D-01   4.4000000D+00   0.0000000D+00   8.4600000D-02  -1.0912400D-01   1.4720000D-03
   7.8000000D-02  -9.9000000D-01  -2.3000000D-01   5.2000000D-02  -3.2200000D-03   1.4720000D-03  -2.1160000D-05
   1.0000000D+00   7.8000000D-02   0.0000000D+00   0.0000000D+00   0.0000000D+00   0.0000000D+00   0.0000000D+00
  -1.0000000D+00   0.0000000D+00   0.0000000D+00   0.0000000D+00   2.6000000D+00   7.5000000D-02  -7.8000000D-02
   0.0000000D+00  -1.0000000D+00   0.0000000D+00   0.0000000D+00  -2.5000000D-01   2.7000000D-01   9.9000000D-01
   0.0000000D+00   0.0000000D+00  -1.0000000D+00   0.0000000D+00   3.8000000D+01  -4.4000000D+00   2.3000000D-01
   0.0000000D+00   0.0000000D+00   0.0000000D+00  -1.0000000D+00   0.0000000D+00   0.0000000D+00  -5.2000000D-02

    COL    8
   0.0000000D+00
   0.0000000D+00
   0.0000000D+00
   0.0000000D+00
1   EXAMPLE 1 - OPTIMAL TRANSIENT REGULATOR, RUN WITH VAX/ORACLS AT GSFC          ORACLS  PROGRAM

  -1.0000000D+00
  -7.8000000D-02
   0.0000000D+00
   0.0000000D+00


 EIGENVALUES OF Z
0
   6.4605654D-01   0.0000000D+00
  -6.4605654D-01   0.0000000D+00
  -7.8466995D-01   2.6501143D+00
  -7.8466995D-01  -2.6501143D+00
   7.8466995D-01   2.6501143D+00
   7.8466995D-01  -2.6501143D+00
  -2.8451457D+00   0.0000000D+00
   2.8451457D+00   0.0000000D+00


 CORRESPONDING EIGENVECTORS
0

 		COLS    1 TO    7
  -2.1741982D-01  -4.4405675D-01  -1.3901358D-01   1.4477052D-01   3.7822716D-02  -4.7392965D-02  -8.8461393D-01
  -4.2632847D-02   7.7788534D-03   7.1533622D-04  -4.1407223D-02   6.7330714D-03   1.9014629D-02  -4.3287506D-02
   9.7662355D-03   1.3516859D-02   1.9952125D-02  -1.0349736D-03  -8.4702434D-03  -1.6048669D-03   3.8423251D-03
  -3.4168090D-01   6.8639503D-01   6.3378330D-02   3.3669006D-02  -1.1988229D-02  -1.8019864D-02   3.1210717D-01
   1.2049513D-01   1.3027171D-01  -4.0040646D-02   3.1569172D-02   2.1218833D-02   2.8304914D-02  -1.1997474D-01
   1.0000000D+00   9.6754904D-01  -1.1973335D-01  -3.2942063D-01   5.9117259D-02  -3.5748243D-01  -3.3812196D-01
   4.0631171D-01  -7.7574025D-01   1.0000000D+00   0.0000000D+00   1.0000000D+00   0.0000000D+00   1.0000000D+00
   4.9616817D-01   1.0000000D+00   1.7112510D-04   4.3486446D-02   2.1415193D-03   1.5732211D-02   1.2797488D-01

    COL    8
  -6.7437835D-02
  -7.5313057D-03
   3.6547191D-04
  -2.3909242D-02
   1.1245302D-01
   3.7675079D-01
   1.0000000D+00
  -9.8732230D-03


 REORDERED EIGENVECTORS
0

 		COLS    1 TO    7
  -2.1741982D-01   3.7822716D-02  -4.7392965D-02  -6.7437835D-02  -4.4405675D-01   1.4477052D-01  -1.3901358D-01
  -4.2632847D-02   6.7330714D-03   1.9014629D-02  -7.5313057D-03   7.7788534D-03  -4.1407223D-02   7.1533622D-04
   9.7662355D-03  -8.4702434D-03  -1.6048669D-03   3.6547191D-04   1.3516859D-02  -1.0349736D-03   1.9952125D-02
  -3.4168090D-01  -1.1988229D-02  -1.8019864D-02  -2.3909242D-02   6.8639503D-01   3.3669006D-02   6.3378330D-02
   1.2049513D-01   2.1218833D-02   2.8304914D-02   1.1245302D-01   1.3027171D-01   3.1569172D-02  -4.0040646D-02
   1.0000000D+00   5.9117259D-02  -3.5748243D-01   3.7675079D-01   9.6754904D-01  -3.2942063D-01  -1.1973335D-01
   4.0631171D-01   1.0000000D+00   0.0000000D+00   1.0000000D+00  -7.7574025D-01   0.0000000D+00   1.0000000D+00
   4.9616817D-01   2.1415193D-03   1.5732211D-02  -9.8732230D-03   1.0000000D+00   4.3486446D-02   1.7112510D-04
1   EXAMPLE 1 - OPTIMAL TRANSIENT REGULATOR, RUN WITH VAX/ORACLS AT GSFC          ORACLS  PROGRAM


    COL    8
  -8.8461393D-01
  -4.3287506D-02
   3.8423251D-03
   3.1210717D-01
  -1.1997474D-01
  -3.3812196D-01
   1.0000000D+00
   1.2797488D-01


 LAMBDA MATRIX OF EIGENVALUES OF Z WITH POSITIVE REAL PARTS

0
   6.4605654D-01   0.0000000D+00   0.0000000D+00   0.0000000D+00
   0.0000000D+00   7.8466995D-01   2.6501143D+00   0.0000000D+00
   0.0000000D+00  -2.6501143D+00   7.8466995D-01   0.0000000D+00
   0.0000000D+00   0.0000000D+00   0.0000000D+00   2.8451457D+00
0     WIZW  MATRIX       8 ROWS       8 COLUMNS

 		COLS    1 TO    7
   6.4605654D-01   5.6378513D-17  -1.0408341D-17   4.1836016D-17  -1.6308648D-16   3.8725893D-17   1.7722705D-17
  -7.3164955D-16   7.8466995D-01   2.6501143D+00   4.5052150D-16   9.5358417D-16   2.4948010D-16   6.0791513D-17
  -4.9937091D-16  -2.6501143D+00   7.8466995D-01  -3.5195972D-16  -1.9527592D-15   2.0929182D-16   1.5741611D-16
   5.8605856D-16  -8.2429586D-17  -2.1633207D-16   2.8451457D+00  -5.9388331D-17  -1.8253505D-16  -1.1549663D-16
  -2.8198245D-18   2.1372975D-17   1.1900766D-17   7.7597014D-18  -6.4605654D-01   7.0768224D-18  -1.9300425D-17
   3.9083759D-17   2.3960020D-17  -2.7416170D-17  -1.2044444D-16  -1.5801946D-15  -7.8466995D-01  -2.6501143D+00
   6.6629413D-16   2.2388896D-16  -1.0458579D-16   5.5478590D-16   1.0780828D-15   2.6501143D+00  -7.8466995D-01
   3.0447546D-16  -5.4197957D-17  -2.0417722D-17   1.9209857D-17   2.7850393D-16  -4.2321232D-17  -1.8339200D-16

    COL    8
  -9.9210526D-17
  -1.8237051D-16
  -9.5026290D-16
  -5.9125822D-16
   5.3217512D-17
   3.4592619D-16
   0.0000000D+00
  -2.8451457D+00
0     W11   MATRIX       4 ROWS       4 COLUMNS
  -2.1741982D-01   3.7822716D-02  -4.7392965D-02  -6.7437835D-02
  -4.2632847D-02   6.7330714D-03   1.9014629D-02  -7.5313057D-03
   9.7662355D-03  -8.4702434D-03  -1.6048669D-03   3.6547191D-04
  -3.4168090D-01  -1.1988229D-02  -1.8019864D-02  -2.3909242D-02
0     W21   MATRIX       4 ROWS       4 COLUMNS
   1.2049513D-01   2.1218833D-02   2.8304914D-02   1.1245302D-01
   1.0000000D+00   5.9117259D-02  -3.5748243D-01   3.7675079D-01
   4.0631171D-01   1.0000000D+00   0.0000000D+00   1.0000000D+00
   4.9616817D-01   2.1415193D-03   1.5732211D-02  -9.8732230D-03
0     W12   MATRIX       4 ROWS       4 COLUMNS
  -4.4405675D-01   1.4477052D-01  -1.3901358D-01  -8.8461393D-01
   7.7788534D-03  -4.1407223D-02   7.1533622D-04  -4.3287506D-02
1   EXAMPLE 1 - OPTIMAL TRANSIENT REGULATOR, RUN WITH VAX/ORACLS AT GSFC          ORACLS  PROGRAM

   1.3516859D-02  -1.0349736D-03   1.9952125D-02   3.8423251D-03
   6.8639503D-01   3.3669006D-02   6.3378330D-02   3.1210717D-01
0     W22   MATRIX       4 ROWS       4 COLUMNS
   1.3027171D-01   3.1569172D-02  -4.0040646D-02  -1.1997474D-01
   9.6754904D-01  -3.2942063D-01  -1.1973335D-01  -3.3812196D-01
  -7.7574025D-01   0.0000000D+00   1.0000000D+00   1.0000000D+00
   1.0000000D+00   4.3486446D-02   1.7112510D-04   1.2797488D-01
0      S    MATRIX       4 ROWS       4 COLUMNS
  -9.8473211D-01  -1.8443032D-02   7.3606671D-02   1.1938641D-01
   1.8684163D+00  -4.7180004D-01  -8.5970883D-01   5.9307971D-01
  -5.5472826D-01  -4.6533339D-01  -4.1465452D-01  -2.1406504D+00
  -6.9821340D-01   4.8114556D-01  -1.5591772D-01  -1.6401774D+00


 MATRIX (R INVERSE)X(B TRANSPOSE)
0
   1.7000000D-01   8.2000000D-03   0.0000000D+00   0.0000000D+00
   7.0000000D-02  -3.2000000D-02   4.6000000D-04   0.0000000D+00


 EXP(-LAMBDA X   0.20000000D+01)
0
   2.7468973D-01   0.0000000D+00   0.0000000D+00   0.0000000D+00
   0.0000000D+00   1.1545058D-01   1.7323722D-01   0.0000000D+00
   0.0000000D+00  -1.7323722D-01   1.1545058D-01   0.0000000D+00
   0.0000000D+00   0.0000000D+00   0.0000000D+00   3.3786006D-03



 TIME =   0.20000000D+02

0      P    MATRIX       4 ROWS       4 COLUMNS
   5.0000000D-01   0.0000000D+00   0.0000000D+00   0.0000000D+00
   0.0000000D+00   5.0000000D-01   0.0000000D+00   0.0000000D+00
   0.0000000D+00   0.0000000D+00   5.0000000D-01   0.0000000D+00
   0.0000000D+00   0.0000000D+00   0.0000000D+00   5.0000000D-01



 TIME =   0.18000000D+02

0      P    MATRIX       4 ROWS       4 COLUMNS
   2.2480611D-01   3.6054051D-01  -1.4217206D+00   3.2023881D-01
   3.6054051D-01   1.0744607D+01  -8.8655028D+00   1.5409136D+00
  -1.4217206D+00  -8.8655028D+00   4.5683892D+01  -2.6235119D+00
   3.2023881D-01   1.5409136D+00  -2.6235119D+00   1.5641109D+00
0      F    MATRIX       2 ROWS       4 COLUMNS
   4.1173471D-02   1.4939767D-01  -3.1438963D-01   6.7076090D-02
   3.5451402D-03  -3.2266773D-01   2.0519024D-01  -2.8099332D-02
1   EXAMPLE 1 - OPTIMAL TRANSIENT REGULATOR, RUN WITH VAX/ORACLS AT GSFC          ORACLS  PROGRAM




 TIME =   0.16000000D+02

0      P    MATRIX       4 ROWS       4 COLUMNS
   2.3819323D-01   4.0985673D-01  -1.5275098D+00   3.6636522D-01
   4.0985673D-01   1.0991594D+01  -9.0079421D+00   1.7136851D+00
  -1.5275098D+00  -9.0079421D+00   4.9256328D+01  -2.9811826D+00
   3.6636522D-01   1.7136851D+00  -2.9811826D+00   1.7228142D+00
0      F    MATRIX       2 ROWS       4 COLUMNS
   4.3853673D-02   1.5980672D-01  -3.3354180D-01   7.6334306D-02
   2.8554559D-03  -3.2718470D-01   2.0398637D-01  -3.0563703D-02



 TIME =   0.14000000D+02

0      P    MATRIX       4 ROWS       4 COLUMNS
   2.3924330D-01   4.1302539D-01  -1.5297598D+00   3.6980853D-01
   4.1302539D-01   1.1028965D+01  -9.0076508D+00   1.7278448D+00
  -1.5297598D+00  -9.0076508D+00   4.9271952D+01  -2.9877059D+00
   3.6980853D-01   1.7278448D+00  -2.9877059D+00   1.7346173D+00
0      F    MATRIX       2 ROWS       4 COLUMNS
   4.4058169D-02   1.6065183D-01  -3.3392190D-01   7.7035778D-02
   2.8265289D-03  -3.2815862D-01   2.0382674D-01  -3.0778783D-02



 TIME =   0.12000000D+02

0      P    MATRIX       4 ROWS       4 COLUMNS
   2.3930520D-01   4.1337855D-01  -1.5297546D+00   3.7003289D-01
   4.1337855D-01   1.1032206D+01  -9.0096823D+00   1.7293204D+00
  -1.5297546D+00  -9.0096823D+00   4.9275911D+01  -2.9880218D+00
   3.7003289D-01   1.7293204D+00  -2.9880218D+00   1.7354617D+00
0      F    MATRIX       2 ROWS       4 COLUMNS
   4.4071588D-02   1.6073844D-01  -3.3393768D-01   7.7086018D-02
   2.8195631D-03  -3.2823855D-01   2.0389393D-01  -3.0810439D-02



 TIME =   0.10000000D+02

0      P    MATRIX       4 ROWS       4 COLUMNS
   2.3930917D-01   4.1341056D-01  -1.5297727D+00   3.7004881D-01
   4.1341056D-01   1.1032469D+01  -9.0098261D+00   1.7294493D+00
  -1.5297727D+00  -9.0098261D+00   4.9276275D+01  -2.9880973D+00
   3.7004881D-01   1.7294493D+00  -2.9880973D+00   1.7355256D+00
0      F    MATRIX       2 ROWS       4 COLUMNS
1   EXAMPLE 1 - OPTIMAL TRANSIENT REGULATOR, RUN WITH VAX/ORACLS AT GSFC          ORACLS  PROGRAM

   4.4072525D-02   1.6074604D-01  -3.3394193D-01   7.7089781D-02
   2.8188087D-03  -3.2824478D-01   2.0389743D-01  -3.0813485D-02



 TIME =   0.80000000D+01

0      P    MATRIX       4 ROWS       4 COLUMNS
   2.3930948D-01   4.1341291D-01  -1.5297749D+00   3.7005005D-01
   4.1341291D-01   1.1032489D+01  -9.0098419D+00   1.7294590D+00
  -1.5297749D+00  -9.0098419D+00   4.9276293D+01  -2.9881061D+00
   3.7005005D-01   1.7294590D+00  -2.9881061D+00   1.7355306D+00
0      F    MATRIX       2 ROWS       4 COLUMNS
   4.4072598D-02   1.6074661D-01  -3.3394244D-01   7.7090072D-02
   2.8187540D-03  -3.2824528D-01   2.0389779D-01  -3.0813714D-02



 TIME =   0.60000000D+01

0      P    MATRIX       4 ROWS       4 COLUMNS
   2.3930951D-01   4.1341309D-01  -1.5297751D+00   3.7005015D-01
   4.1341309D-01   1.1032491D+01  -9.0098433D+00   1.7294597D+00
  -1.5297751D+00  -9.0098433D+00   4.9276294D+01  -2.9881068D+00
   3.7005015D-01   1.7294597D+00  -2.9881068D+00   1.7355310D+00
0      F    MATRIX       2 ROWS       4 COLUMNS
   4.4072604D-02   1.6074665D-01  -3.3394248D-01   7.7090094D-02
   2.8187502D-03  -3.2824531D-01   2.0389783D-01  -3.0813729D-02



 TIME =   0.40000000D+01

0      P    MATRIX       4 ROWS       4 COLUMNS
   2.3930951D-01   4.1341310D-01  -1.5297751D+00   3.7005015D-01
   4.1341310D-01   1.1032491D+01  -9.0098434D+00   1.7294597D+00
  -1.5297751D+00  -9.0098434D+00   4.9276294D+01  -2.9881068D+00
   3.7005015D-01   1.7294597D+00  -2.9881068D+00   1.7355310D+00
0      F    MATRIX       2 ROWS       4 COLUMNS
   4.4072604D-02   1.6074665D-01  -3.3394248D-01   7.7090096D-02
   2.8187499D-03  -3.2824531D-01   2.0389783D-01  -3.0813730D-02


 STEADY-STATE SOLUTION HAS BEEN REACHED IN CNTREG

