1     EXAMPLE 4,  KALMAN-BUCY FILTER TEST, RUN WITH VAX/ORACLS AT GFSC            ORACLS  PROGRAM

0        A  MATRIX       4 ROWS       4 COLUMNS
  -2.6000000D+00   2.5000000D-01  -3.8000000D+01   0.0000000D+00
  -7.5000000D-02  -2.7000000D-01   4.4000000D+00   0.0000000D+00
   7.8000000D-02  -9.9000000D-01  -2.3000000D-01   5.2000000D-02
   1.0000000D+00   7.8000000D-02   0.0000000D+00   0.0000000D+00
0        B  MATRIX       4 ROWS       2 COLUMNS
   1.7000000D+01   7.0000000D+00
   8.2000000D-01  -3.2000000D+00
   0.0000000D+00   4.6000000D-02
   0.0000000D+00   0.0000000D+00
0        H  MATRIX       3 ROWS       4 COLUMNS
   1.0000000D+00   0.0000000D+00   0.0000000D+00   0.0000000D+00
   0.0000000D+00   1.0000000D+00   0.0000000D+00   0.0000000D+00
  -8.5200000D-02  -4.2100000D-02  -2.2400000D+00  -2.1000000D-03
0        Q  MATRIX       4 ROWS       4 COLUMNS
   1.0000000D+00   0.0000000D+00   0.0000000D+00   0.0000000D+00
   0.0000000D+00   1.0000000D+00   0.0000000D+00   0.0000000D+00
   0.0000000D+00   0.0000000D+00   1.0000000D+00   0.0000000D+00
   0.0000000D+00   0.0000000D+00   0.0000000D+00   1.0000000D+00
0        R  MATRIX       3 ROWS       3 COLUMNS
   1.0000000D+00   0.0000000D+00   0.0000000D+00
   0.0000000D+00   1.0000000D+00   0.0000000D+00
   0.0000000D+00   0.0000000D+00   1.0000000D+00
0     ATIL  MATRIX       4 ROWS       4 COLUMNS
   8.7460216D-01   5.6206553D-02  -1.7644035D+00  -2.3524288D-03
  -3.0698872D-03   9.8114690D-01   2.1998505D-01   2.8616468D-04
   3.7743137D-03  -4.8707923D-02   9.7958437D-01   2.5772852D-03
   4.6820759D-02   4.9177112D-03  -4.4809768D-02   9.9996068D-01
0     BTIL  MATRIX       4 ROWS       2 COLUMNS
   7.9692392D-01   3.2234606D-01
   3.9250218D-02  -1.5895733D-01
   6.1800654D-04   6.8676137D-03
   2.0435169D-02   7.9852845D-03
0     QTIL  MATRIX       4 ROWS       4 COLUMNS
   9.7864534D-02  -5.6349895D-03  -4.4643769D-02   2.0737669D-03
  -5.6349895D-03   4.9959106D-02   4.2255496D-03  -1.2169588D-05
  -4.4643769D-02   4.2255496D-03   4.9172184D-02  -6.8173577D-04
   2.0737669D-03  -1.2169588D-05  -6.8173577D-04   5.0057551D-02


 PROGRAM TO SOLVE THE DISCRETE INFINITE-DURATION OPTIMAL FILTER PROBLEM

0      A    MATRIX       4 ROWS       4 COLUMNS
   8.7460216D-01   5.6206553D-02  -1.7644035D+00  -2.3524288D-03
  -3.0698872D-03   9.8114690D-01   2.1998505D-01   2.8616468D-04
   3.7743137D-03  -4.8707923D-02   9.7958437D-01   2.5772852D-03
   4.6820759D-02   4.9177112D-03  -4.4809768D-02   9.9996068D-01
1     EXAMPLE 4,  KALMAN-BUCY FILTER TEST, RUN WITH VAX/ORACLS AT GFSC            ORACLS  PROGRAM


 G IS AN IDENTITY MATRIX

0      H    MATRIX       3 ROWS       4 COLUMNS
   1.0000000D+00   0.0000000D+00   0.0000000D+00   0.0000000D+00
   0.0000000D+00   1.0000000D+00   0.0000000D+00   0.0000000D+00
  -8.5200000D-02  -4.2100000D-02  -2.2400000D+00  -2.1000000D-03

 INTENSITY MATRIX FOR COVARIANCE OF MEASUREMENT NOISE

0      R    MATRIX       3 ROWS       3 COLUMNS
   1.0000000D+00   0.0000000D+00   0.0000000D+00
   0.0000000D+00   1.0000000D+00   0.0000000D+00
   0.0000000D+00   0.0000000D+00   1.0000000D+00

 INTENSITY MATRIX FOR COVARIANCE OF PROCESS NOISE

0      Q    MATRIX       4 ROWS       4 COLUMNS
   9.7864534D-02  -5.6349895D-03  -4.4643769D-02   2.0737669D-03
  -5.6349895D-03   4.9959106D-02   4.2255496D-03  -1.2169588D-05
  -4.4643769D-02   4.2255496D-03   4.9172184D-02  -6.8173577D-04
   2.0737669D-03  -1.2169588D-05  -6.8173577D-04   5.0057551D-02

 FILTER GAIN

0      F    MATRIX       4 ROWS       3 COLUMNS
   5.3454233D-01  -1.0000879D-02   3.6312717D-01
  -4.3653081D-02   1.8601819D-01  -3.4324468D-02
  -8.4771306D-02  -9.0256464D-03  -1.2135706D-01
  -7.0927842D-03   3.8165991D-02  -1.4113759D-01

 STEADY-STATE VARIANCE MATRIX OF RECONSTRUCTION ERROR

0      P    MATRIX       4 ROWS       4 COLUMNS
   8.8649680D-01  -5.7194386D-02  -2.2094025D-01  -1.2626090D-01
  -5.7194386D-02   2.3557573D-01   8.3030258D-03   5.2808810D-02
  -2.2094025D-01   8.3030258D-03   1.0585196D-01   9.1725042D-02
  -1.2626090D-01   5.2808810D-02   9.1725042D-02   1.9945248D+01

 EIGENVALUES OF P 

0     EVLP  MATRIX       4 ROWS       1 COLUMNS
   4.7257495D-02
   2.3111030D-01
   9.4813881D-01
   1.9946666D+01
0     A-FH  MATRIX       4 ROWS       4 COLUMNS
   3.7099827D-01   8.1495086D-02  -9.5099864D-01  -1.5898617D-03
   3.7658749D-02   7.9368365D-01   1.4309824D-01   2.1408330D-04
   7.8205998D-02  -4.4791409D-02   7.0774455D-01   2.3224354D-03
   4.1888621D-02  -3.9190172D-02  -3.6095797D-01   9.9966429D-01
1     EXAMPLE 4,  KALMAN-BUCY FILTER TEST, RUN WITH VAX/ORACLS AT GFSC            ORACLS  PROGRAM


 EIGENVALUES OF A-FH MATRIX

0
   5.4024239D-01   2.2217840D-01
   5.4024239D-01  -2.2217840D-01
   7.9425006D-01   0.0000000D+00
   9.9735592D-01   0.0000000D+00
